%YAML:1.0
---
camera intrinsic matrix: !!opencv-matrix
   rows: 3
   cols: 3
   dt: d
   data: [ 1.1469760048054229e+03, 0., 3.9216675891052444e+02, 0.,
       1.1468309443268674e+03, 3.0568222411455326e+02, 0., 0., 1. ]
distortion coefficient: !!opencv-matrix
   rows: 1
   cols: 5
   dt: d
   data: [ 7.2986435018447204e-02, 4.3736911416559637e-01,
       -6.8211997539714534e-04, -3.1937961720496224e-03,
       -3.5241584592900934e+00 ]
camera new intrinsic matrix: !!opencv-matrix
   rows: 3
   cols: 3
   dt: d
   data: [ 1.1460799560546875e+03, 0., 3.9161821947126737e+02, 0.,
       1.1560209960937500e+03, 3.0498355214689218e+02, 0., 0., 1. ]