%YAML:1.0
---
camera intrinsic matrix: !!opencv-matrix
   rows: 3
   cols: 3
   dt: d
   data: [ 9.7471765478005057e+02, 0., 6.1786454107713780e+02, 0.,
       9.7431348168521868e+02, 3.2134265013189463e+02, 0., 0., 1. ]
distortion coefficient: !!opencv-matrix
   rows: 1
   cols: 5
   dt: d
   data: [ 7.8265018846272127e-02, -5.2548575606860215e-01,
       -2.9472350338989204e-03, -8.1477594155879383e-03,
       6.1542079081791934e-01 ]
camera new intrinsic matrix: !!opencv-matrix
   rows: 3
   cols: 3
   dt: d
   data: [ 9.6420294189453125e+02, 0., 6.0900996733590364e+02, 0.,
       9.7588354492187500e+02, 3.1921227223311871e+02, 0., 0., 1. ]
